99
9702
941094
90345024
8582777280
806781064320
75030638981760
6902818786321920
628156509555294720
1193853638847869952
14019253488912667648
16209198159484346368
8247690273212211200
8325088695287201792
6656264298449190912
5723878858445488128
13913343408236724224
15642770979128737792
12685852297178251264
297259720234762240
5036773824836665344
5486732789359312896
16650055159056957440
11025595076079255552
15262891462723895296
4202579745285603328
11640416226496217088
8006484990797807616
15058112135357792256
2603437273601015808
13616475215084126208
3583110940243001344
260760038056919040
17210162511756656640
11855918841609584640
2462298840921800704
7550874388397031424
6985610237877157888
1847110815186944000
146184468959330304
8624883668600487936
2181162788670406656
13645814511955869696
7849105647437086720
7425696913720082432
13606007792983867392
1695394153472458752
14373519685729648640
13626485097539567616
17241468223434522624
14728459631361785856
5989787504402759680
4818851601286430720
306244774661193728
13781014859753717760
16068843470457929728
8430738502437568512
3602879701896396800
144115188075855872
5764607523034234880
3458764513820540928
2305843009213693952
11529215046068469760
9223372036854775808
9223372036854775808
0
0
0
0
0
0
0
0
0
0
0
0
0
0
0
0
0
0
0
0
0
0
0
0
0
0
0
0
0
0
0
0
0
0
